Fp1 59.1643 29.2384 62.022
Fp2 57.2951 -34.8589 61.4726
F3 10.4206 47.9692 82.6552
F4 6.72031 -50.3491 81.9799
C3 -51.5151 62.0092 68.3701
C4 -56.1684 -61.1301 69.2636
P3 -95.8378 48.2995 26.7391
P4 -100.376 -43.3072 26.2099
O1 -98.0094 29.0075 -19.4209
O2 -100.709 -23.5801 -20.1083
F7 22.5117 65.7616 35.8602
F8 17.184 -68.9918 35.6902
T7 -22.4806 77.4168 11.38
T8 -28.4466 -76.9808 11.3372
P7 -67.4291 66.7957 -7.78926
P8 -72.1761 -63.0349 -7.99957
Fz 4.62001 -1.52606 105.73
Cz -68.7455 0.751849 99.7921
Pz -113.292 2.69047 42.1627
Oz -103.608 2.80707 -21.5944
FC1 -28.3727 32.4515 98.7306
FC2 -30.2513 -33.0324 97.8858
CP1 -91.7333 34.0176 70.9526
CP2 -94.7215 -30.8455 70.9746
FC5 -11.1549 71.4476 51.1421
FC6 -16.6774 -72.8516 51.4162
CP5 -60.372 72.2138 26.5105
CP6 -66.101 -70.6925 26.6808
POZ -113.963 3.41594 10.443
F1 6.77404 25.6051 99.2038
F2 4.93609 -28.9441 98.8446
C1 -62.5577 37.1342 89.5414
C2 -65.1174 -35.5864 89.6036
P1 -107.777 25.8633 37.998
P2 -110.871 -20.761 38.2991
AF3 40.8623 33.5101 82.3553
AF4 38.1877 -38.6994 82.3331
FC3 -19.2193 56.7173 79.184
FC4 -23.624 -57.2581 78.7234
CP3 -78.5769 59.4772 51.1701
CP4 -83.882 -57.4865 51.6477
PO3 -104.768 33.4699 3.05256
PO4 -107.894 -27.5944 2.52779
F5 15.394 61.4752 60.8796
F6 10.6538 -64.1453 60.5592
C5 -36.4174 75.4617 39.1089
C6 -42.0971 -75.1287 39.7369
P5 -80.7482 61.022 11.0752
P6 -85.3889 -57.3698 10.5784
AF7 42.6585 52.1908 51.0912
AF8 38.9943 -56.1435 50.6475
FT7 -0.0740746 73.8895 22.0902
FT8 -5.93296 -75.0909 21.8234
TP7 -45.031 74.6915 0.858351
TP8 -50.9612 -73.5108 0.193501
PO7 -85.8359 50.7931 -14.7517
PO8 -89.9109 -46.4618 -15.2286
FT9 8.32271 70.3891 -2.19418
FT10 1.99999 76 -21
FPZ 5.77106 -69.7953 -1.68878
CPZ -6 -79 -25
FCz 61.1622 -3.12503 67.3695
NAS 125 -7.99999 -7
RPA -97.227 2.03418 78.1387
LPA -30.6882 -0.53913 108.428